0x6000003340a0 0x6000003341e0 0x600000334dc0 0x0 1 0 0 0  0 0 0 0 0 0 0 0
0x0 0x0 0x0 0x0 1 1 0 1 aa  0 0 0 0 0 0 0 0
0x600000334140 0x0 0x0 0x600000334460 2 2 0 0  0 0 0 0 0 0 0 0
0x0 0x0 0x0 0x0 2 6 2 1 t1  0 0 0 0 0 0 0 0
0x600000334280 0x0 0x0 0x600000334500 3 3 0 0  0 0 0 0 0 0 0 0
0x0 0x0 0x0 0x600000334320 3 6 4 3 t1 v1 v2 t1 0 0 0 0 0 0 0 0
0x0 0x0 0x0 0x6000003343c0 4 6 2 3 a b c  0 0 0 0 0 0 0 0
0x0 0x0 0x0 0x0 5 6 1 1 o1  0 0 0 0 0 0 0 0
0x6000003345a0 0x0 0x6000003346e0 0x0 6 4 0 1 p  0 0 0 0 0 0 0 0
0x0 0x0 0x0 0x600000334640 7 6 2 1 x  0 0 0 0 0 0 0 0
0x0 0x0 0x0 0x0 7 6 2 1 y  0 0 0 0 0 0 0 1
0x600000334780 0x0 0x0 0x0 8 5 0 0  0 0 0 0 0 0 0 0
0x600000334820 0x600000334960 0x0 0x600000334aa0 9 7 2 0  0 0 0 0 0 0 0 0
0x0 0x0 0x0 0x0 9 8 2 1 x  0 0 0 0 0 0 0 0
0x6000003348c0 0x600000334a00 0x0 0x0 9 8 0 0  0 0 0 5 0 0 0 0
0x0 0x0 0x0 0x0 9 8 2 1 x  0 0 0 0 0 0 0 0
0x0 0x0 0x0 0x0 9 8 1 0  0 0 0 0 0 1 0 0
0x600000334b40 0x600000334c80 0x0 0x0 10 7 2 0  0 0 0 0 0 0 0 0
0x0 0x0 0x0 0x0 10 8 2 1 y  0 0 0 0 0 0 0 0
0x600000334be0 0x600000334d20 0x0 0x0 10 8 0 0  0 0 0 5 0 0 0 0
0x0 0x0 0x0 0x0 10 8 2 1 y  0 0 0 0 0 0 0 0
0x0 0x0 0x0 0x0 10 8 1 0  0 0 0 0 0 1 0 0
0x600000334e60 0x0 0x0 0x0 12 5 0 0  0 0 0 0 0 0 0 0
0x600000334f00 0x600000334fa0 0x0 0x600000335040 13 7 2 0  0 0 0 0 0 0 0 0
0x0 0x0 0x0 0x0 13 8 2 1 v1  0 0 0 0 0 0 0 0
0x0 0x0 0x0 0x0 13 8 1 0  0 0 0 0 0 10 0 0
0x6000003350e0 0x600000335180 0x0 0x600000335220 14 7 2 0  0 0 0 0 0 0 0 0
0x0 0x0 0x0 0x0 14 8 2 1 v2  0 0 0 0 0 0 0 0
0x0 0x0 0x0 0x0 14 8 1 0  0 0 0 0 0 96 0 0
0x6000003352c0 0x600000335360 0x0 0x600000335400 15 7 2 0  0 0 0 0 0 0 0 0
0x0 0x0 0x0 0x0 15 8 2 1 a  0 0 0 0 0 0 0 0
0x0 0x0 0x0 0x0 15 8 1 0  0 0 0 0 0 1 0 0
0x6000003354a0 0x6000003355e0 0x0 0x600000335720 16 7 2 0  0 0 0 0 0 0 0 0
0x0 0x0 0x0 0x0 16 8 2 1 b  0 0 0 0 0 0 0 0
0x600000335540 0x600000335680 0x0 0x0 16 8 0 0  0 0 0 5 0 0 0 0
0x0 0x0 0x0 0x0 16 8 2 1 a  0 0 0 0 0 0 0 0
0x0 0x0 0x0 0x0 16 8 1 0  0 0 0 0 0 1 0 0
0x6000003357c0 0x600000335860 0x0 0x600000335900 17 7 2 0  0 0 0 0 0 0 0 0
0x0 0x0 0x0 0x0 17 8 2 1 a  0 0 0 0 0 0 0 0
0x0 0x0 0x0 0x0 17 8 2 1 c  0 0 0 0 0 0 0 0
0x6000003359a0 0x600000335ae0 0x0 0x600000335c20 18 7 2 0  0 0 0 0 0 0 0 0
0x0 0x0 0x0 0x0 18 8 2 1 c  0 0 0 0 0 0 0 0
0x600000335a40 0x600000335b80 0x0 0x0 18 8 0 0  0 0 0 5 0 0 0 0
0x0 0x0 0x0 0x0 18 8 2 1 b  0 0 0 0 0 0 0 0
0x0 0x0 0x0 0x0 18 8 1 0  0 0 0 0 0 5 0 0
0x600000335cc0 0x600000335d60 0x0 0x600000335ea0 19 7 5 0  0 0 0 0 0 0 0 0
0x0 0x0 0x0 0x0 19 8 2 1 p  0 0 0 0 0 0 0 0
0x0 0x0 0x0 0x600000335e00 19 8 2 1 a  0 0 0 0 0 0 0 0
0x0 0x0 0x0 0x0 19 8 2 1 b  0 0 0 0 0 0 0 0
0x600000335fe0 0x6000003363a0 0x6000003366c0 0x0 20 7 0 0  0 0 0 0 0 0 0 0
0x600000335f40 0x600000336120 0x0 0x0 20 8 0 0  0 0 0 10 0 0 0 0
0x0 0x0 0x0 0x0 20 8 2 1 v2  0 0 0 0 0 0 0 0
0x600000336080 0x600000336260 0x0 0x0 20 8 0 0  0 0 0 7 0 0 0 0
0x0 0x0 0x0 0x0 20 8 1 0  0 0 0 0 0 3 0 0
0x6000003361c0 0x600000336300 0x0 0x0 20 8 0 0  0 0 0 5 0 0 0 0
0x0 0x0 0x0 0x0 20 8 1 0  0 0 0 0 0 4 0 0
0x0 0x0 0x0 0x0 20 8 1 0  0 0 0 0 0 5 0 0
0x600000336440 0x600000336580 0x0 0x0 21 7 2 0  0 0 0 0 0 0 0 0
0x0 0x0 0x0 0x0 21 8 2 1 v2  0 0 0 0 0 0 0 0
0x6000003364e0 0x600000336620 0x0 0x0 21 8 0 0  0 0 0 5 0 0 0 0
0x0 0x0 0x0 0x0 21 8 2 1 v2  0 0 0 0 0 0 0 0
0x0 0x0 0x0 0x0 21 8 1 0  0 0 0 0 0 1 0 0
0x0 0x0 0x0 0x600000336760 23 7 3 1 o1  0 0 0 0 0 0 0 0
0x600000336800 0x0 0x0 0x0 24 7 4 0  0 0 0 0 0 0 0 0
0x0 0x0 0x0 0x0 24 8 2 1 o1  0 0 0 0 0 0 0 0
